2 0.17890625 0.31796875 0.09296875 0.2140625
2 0.26875 0.259375 0.096875 0.18203125
2 0.425 0.29453125 0.1109375 0.209375
2 0.50703125 0.3421875 0.0671875 0.17421875
2 0.55390625 0.43125 0.08203125 0.15078125
2 0.4265625 0.48359375 0.0953125 0.1734375
2 0.27109375 0.515625 0.1 0.2171875
2 0.15078125 0.53671875 0.12890625 0.19609375
2 0.653125 0.3359375 0.1046875 0.13515625
2 0.64921875 0.47890625 0.09765625 0.14921875
2 0.75234375 0.3375 0.07265625 0.1390625
2 0.78203125 0.44765625 0.0890625 0.13125
2 0.834375 0.33671875 0.10390625 0.14921875
2 0.94296875 0.33984375 0.11328125 0.17578125
2 0.89609375 0.46328125 0.0859375 0.14296875